0	248.70014
1	248.72625
2	248.73047
3	248.75529
4	248.76780
5	248.95757
6	248.96613
7	249.17076
8	249.18273
9	249.37549
10	249.39223
11	249.61167
12	249.62878
13	249.83604
14	249.84742
15	250.05138
16	250.06363
17	250.23765
18	250.24765
19	250.45118
20	250.46902
21	250.66157
22	250.67104
23	250.88256
24	250.89537
25	251.07209
26	251.08090
27	251.24449
28	251.25425
29	251.44701
30	251.45569
31	251.48728
32	251.49139
33	251.52326
34	251.52755
35	251.55303
36	251.55888
37	251.58469
38	251.58866
39	251.61896
40	251.62344
41	251.65493
42	251.65941
43	251.69057
44	251.69470
45	251.72630
46	251.73049
47	251.79082
48	251.84806
49	252.07255
50	252.08221
51	252.29685
52	252.30645
53	252.51561
54	252.53068
55	252.74260
56	252.75855
57	252.94198
58	252.95823
59	253.13524
60	253.14421
61	253.33469
62	253.34881
63	253.53081
64	253.55139
65	253.73390
66	253.73520
67	253.91649
68	253.92582
69	254.10412
70	254.10525
71	254.28573
72	254.29248
73	254.47359
74	254.47471
75	254.65309
76	254.70678
77	254.73102
78	254.73603
79	254.90762
80	254.92013
81	255.10275
82	255.10961
83	255.28816
84	255.29874
85	255.46795
86	255.47740
87	255.65308
88	255.66512
89	255.85059
90	255.85961
91	256.04988
92	256.06148
93	256.25578
94	256.25683
95	256.44911
96	256.45573
97	256.65341
98	256.65440
99	256.84675
100	256.87306
101	257.02664
102	257.02755
103	257.18976
104	257.19630
105	257.35867
106	257.35966
107	257.52135
108	257.54200
109	257.71141
110	257.71241
111	257.86454
112	257.87472
113	258.04059
114	258.04152
115	258.19670
116	258.21031
117	258.36281
118	258.37012
119	258.51663
120	258.52319
121	258.71235
122	258.72314
123	258.90999
124	258.91720
125	259.10788
126	259.11514
127	259.30867
128	259.31556
129	259.51624
130	259.52488
131	259.71933
132	259.73034
133	259.93435
134	259.94117
135	260.13366
136	260.14345
137	260.32588
138	260.32685
139	260.52567
140	260.53664
141	260.71976
142	260.72074
143	260.91769
144	260.93471
145	261.12845
146	261.12947
147	261.31628
148	261.33199
149	261.52601
150	261.52701
151	261.72845
152	261.74039
153	261.93330
154	261.93428
155	262.12968
156	262.14817
157	262.34649
158	262.34750
159	262.54019
160	262.55457
161	262.75824
162	262.75928
163	262.95997
164	262.97241
165	263.17010
166	263.17109
167	263.36615
168	263.38561
169	263.58330
170	263.58435
171	263.77463
172	263.78561
173	263.98253
174	263.98352
175	264.18663
176	264.20103
177	264.37726
178	264.38919
179	264.56787
180	264.57571
181	264.73993
182	264.74856
183	264.93115
184	264.93796
185	265.12391
186	265.13060
187	265.31490
188	265.32157
189	265.50064
190	265.50824
191	265.69469
192	265.70150
193	265.88462
194	265.89138
195	266.07865
196	266.08569
197	266.28420
198	266.29159
199	266.48637
200	266.49331
201	266.69641
202	266.70775
203	266.90086
204	266.91066
205	267.10794
206	267.11484
207	267.27997
208	267.28664
209	267.48176
210	267.48905
211	267.67897
212	267.69159
213	267.89199
214	267.90088
215	268.09880
216	268.10850
217	268.31030
218	268.32311
219	268.52344
220	268.53267
221	268.72733
222	268.74010
223	268.93260
224	268.94310
225	269.13295
226	269.14448
227	269.34197
228	269.34963
229	269.53948
230	269.55431
231	269.75575
232	269.77227
233	269.96178
234	269.97506
235	270.14054
236	270.15407
237	270.34721
238	270.36119
239	270.52753
240	270.54869
241	270.74127
242	270.76741
243	270.95372
244	270.97227
245	271.11836
246	271.14867
247	271.32072
248	271.32892
249	271.49257
250	271.49959
251	271.66593
252	271.67769
253	271.85683
254	271.86885
255	272.04128
256	272.04814
257	272.21162
258	272.22472
259	272.39684
260	272.40787
261	272.57378
262	272.58441
263	272.74787
264	272.75491
265	272.92670
266	272.94211
267	273.09370
268	273.10803
269	273.28434
270	273.29337
271	273.47420
272	273.48059
273	273.65968
274	273.67705
275	273.85690
276	273.87164
277	274.05100
278	274.06471
279	274.24323
280	274.25296
281	274.43316
282	274.44681
283	274.62530
284	274.63171
285	274.81663
286	274.82331
287	275.00551
288	275.01885
289	275.19579
290	275.20635
291	275.38190
292	275.39212
293	275.57287
294	275.58324
295	275.75968
296	275.78219
297	275.95831
298	275.97380
299	276.14892
300	276.15810
301	276.33155
302	276.34184
303	276.51767
304	276.52810
305	276.70030
306	276.71661
307	276.88882
308	276.90218
309	277.06939
310	277.08475
311	277.22970
312	277.23598
313	277.41385
314	277.42414
315	277.60573
316	277.61602
317	277.79505
318	277.80921
319	277.98983
320	277.99714
321	278.14685
322	278.15707
323	278.30692
324	278.31706
325	278.46719
326	278.47748
327	278.63003
328	278.64025
329	278.79573
330	278.80596
331	278.96074
332	278.97109
333	279.14331
334	279.15382
335	279.33457
336	279.35760
337	279.54199
338	279.55236
339	279.73503
340	279.75485
341	279.93608
342	279.94645
343	280.12253
344	280.13297
345	280.28638
346	280.29661
347	280.45066
348	280.46109
349	280.64649
350	280.65743
351	280.81067
352	280.83720
353	281.01899
354	281.02942
355	281.21442
356	281.22510
357	281.41248
358	281.42462
359	281.60963
360	281.62056
361	281.80199
362	281.82359
363	282.00759
364	282.01874
365	282.20262
366	282.21318
367	282.39878
368	282.42053
369	282.60622
370	282.61678
371	282.77420
372	282.80237
373	282.95969
374	282.97012
375	283.12385
376	283.13428
377	283.29020
378	283.30067
379	283.45483
380	283.48841
381	283.67459
382	283.73678
383	283.92113
384	283.93231
385	284.11453
386	284.12620
387	284.30926
388	284.32400
389	284.50719
390	284.51838
391	284.70441
392	284.71289
393	284.89267
394	284.93030
395	285.11405
396	285.13582
397	285.32220
398	285.34073
399	285.52113
400	285.54949
401	285.71531
402	285.72299
403	285.90582
404	285.92339
405	286.10363
406	286.12698
407	286.31141
408	286.34618
409	286.49998
410	286.51976
411	286.70120
412	286.72428
413	286.91003
414	286.92958
415	287.10760
416	287.11769
417	287.30241
418	287.31123
419	287.49787
420	287.50816
421	287.68988
422	287.73458
423	287.89053
424	287.89963
425	288.08574
426	288.11073
427	288.29461
428	288.31475
429	288.49537
430	288.55576
431	288.73780
432	288.74833
433	288.93400
434	288.94435
435	289.12468
436	289.14831
437	289.33574
438	289.38574
439	289.56698
440	289.58839
441	289.77669
442	289.78802
443	289.95663
444	289.96859
445	290.15273
446	290.15981
447	290.34475
448	290.35183
449	290.53542
450	290.54325
451	290.69652
452	290.71678
453	290.89980
454	290.96727
455	291.15328
456	291.21684
457	291.39959
458	291.45596
459	291.63991
460	291.70354
461	291.88920
462	291.90469
463	292.06074
464	292.07243
465	292.25429
466	292.26626
467	292.45344
468	292.47066
469	292.64648
470	292.71262
471	292.90449
472	292.91763
473	293.10753
474	293.12087
475	293.30954
476	293.32449
477	293.51308
478	293.52521
479	293.71073
480	293.72630
481	293.91245
482	293.93406
483	294.11856
484	294.13340
485	294.28949
486	294.30707
487	294.49128
488	294.50826
489	294.69126
490	294.70635
491	294.89183
492	294.91006
493	295.09684
494	295.11553
495	295.30302
496	295.31823
497	295.50586
498	295.52795
499	295.71905
500	295.73956
501	295.92600
502	295.93969
503	296.12600
504	296.13919
505	296.29618
506	296.31081
507	296.49928
508	296.51601
509	296.70441
510	296.72250
511	296.87763
512	296.89525
513	297.08113
514	297.09934
515	297.28399
516	297.30123
517	297.48872
518	297.55135
519	297.73838
520	297.75444
521	297.91490
522	297.93135
523	298.11995
524	298.13691
525	298.32427
526	298.33664
527	298.52670
528	298.54255
529	298.73001
530	298.74986
531	298.90965
532	298.92770
533	299.08295
534	299.10042
535	299.29236
536	299.30546
537	299.49823
538	299.51038
539	299.69995
540	299.71483
541	299.90398
542	299.92072
543	300.11007
544	300.12747
545	300.31385
546	300.32602
547	300.48297
548	300.49483
549	300.68537
550	300.69830
551	300.85824
552	300.89088
553	301.07058
554	301.10613
555	301.29337
556	301.30894
557	301.47822
558	301.49399
559	301.68454
560	301.72837
561	301.92219
562	301.94141
563	302.12690
564	302.30692
565	302.49267
566	302.55247
567	302.73391
568	302.79963
569	302.98641
570	303.02442
571	303.21163
572	303.31315
573	303.49856
574	303.51531
575	303.70237
576	303.73976
577	303.92322
578	303.93594
579	304.11522
580	304.12414
581	304.31343
582	304.32359
583	304.51662
584	304.52985
585	304.71559
586	304.72686
587	304.91490
588	304.92213
589	305.10690
590	305.11395
591	305.26866
592	305.27874
593	305.43266
594	305.43950
595	305.62288
596	305.63247
597	305.82211
598	305.83359
599	306.02498
600	306.04669
601	306.23363
602	306.25510
603	306.44544
604	306.46207
605	306.64817
606	306.66809
607	306.85655
608	306.87235
609	307.05829
610	307.07447
611	307.26142
612	307.27199
613	307.45815
614	307.46909
615	307.65691
616	307.66402
617	307.84914
618	307.86661
619	308.05867
620	308.06581
621	308.25277
622	308.26022
623	308.45031
624	308.46208
625	308.65059
626	308.66142
627	308.84787
628	308.85733
629	309.04752
630	309.07302
631	309.26280
632	309.27465
633	309.46352
634	309.49325
635	309.68628
636	309.69756
637	309.88628
638	309.89692
639	310.08907
640	310.11664
641	310.30691
642	310.36157
643	310.54859
644	310.55858
645	310.74685
646	310.75421
647	310.94473
648	310.95623
649	311.14441
650	311.15223
651	311.34200
652	311.35001
653	311.50331
654	311.51269
655	311.69788
656	311.70535
657	311.86242
658	311.87421
659	312.06350
660	312.07080
661	312.25829
662	312.26924
663	312.45760
664	312.46510
665	312.65516
666	312.66534
667	312.85508
668	312.86616
669	313.05367
670	313.06637
671	313.25344
672	313.26248
673	313.45613
674	313.46346
675	313.65380
676	313.66081
677	313.84892
678	313.85983
679	314.04995
680	314.05707
681	314.24615
682	314.25331
683	314.43765
684	314.44580
685	314.66350
686	314.68484
687	314.87391
688	314.88463
689	315.08641
690	315.10644
691	315.29642
692	315.30576
693	315.49080
694	315.50422
695	315.68766
696	315.70400
697	315.88975
698	315.90133
699	316.05443
700	316.07434
701	316.26315
702	316.27773
703	316.46510
704	316.48756
705	316.67316
706	316.68731
707	316.87668
708	316.88691
709	317.07139
710	317.08628
711	317.27074
712	317.27716
713	317.43255
714	317.44277
715	317.62566
716	317.63962
717	317.82495
718	317.83270
719	317.98736
720	317.99914
721	318.16560
722	318.18282
723	318.36525
724	318.37709
725	318.53450
726	318.54806
727	318.71117
728	318.73150
729	318.91699
730	318.93289
731	319.11909
732	319.13309
733	319.31558
734	319.32532
735	319.51163
736	319.52242
737	319.70579
738	319.71677
739	319.90412
740	319.91156
741	320.09752
742	320.10867
743	320.29366
744	320.30227
745	320.48644
746	320.49810
747	320.68366
748	320.69378
749	320.87843
750	320.89214
751	321.07601
752	321.08337
753	321.26753
754	321.27494
755	321.46038
756	321.46764
757	321.62117
758	321.62803
759	321.81406
760	321.83135
761	322.01787
762	322.02803
763	322.21419
764	322.23124
765	322.41385
766	322.43042
767	322.58506
768	322.59233
769	322.77495
770	322.78700
771	322.96934
772	322.97765
773	323.12986
774	323.13671
775	323.32039
776	323.33644
777	323.52587
778	323.55130
779	323.73260
780	323.75227
781	323.93844
782	323.95185
783	324.13640
784	324.14387
785	324.33294
786	324.34545
787	324.53294
788	324.54374
789	324.72934
790	324.73707
791	324.91830
792	324.93537
793	325.12183
794	325.13631
795	325.32387
796	325.33359
797	325.51684
798	325.53116
799	325.71664
800	325.73318
801	325.91734
802	325.93076
803	326.11525
804	326.13763
805	326.32045
806	326.34130
807	326.52247
808	326.54345
809	326.72872
810	326.75255
811	326.94149
812	326.95916
813	327.14475
814	327.16052
815	327.34495
816	327.36756
817	327.51731
818	327.54141
819	327.72775
820	327.74653
821	327.89782
822	327.90763
823	328.08538
824	328.09270
825	328.24331
826	328.24969
827	328.43676
828	328.45490
829	328.64058
830	328.64762
831	328.82983
832	328.83692
833	329.02219
834	329.02921
835	329.21127
836	329.21826
837	329.39825
838	329.40519
839	329.59199
840	329.60047
841	329.78852
842	329.79649
843	329.98427
844	329.99249
845	330.18002
846	330.19988
847	330.38558
848	330.39749
849	330.55088
850	330.57360
851	330.75712
852	330.77825
853	330.96622
854	330.98091
855	331.14792
856	331.16878
857	331.35134
858	331.37499
859	331.56003
860	331.57503
861	331.75968
862	331.77579
863	331.92994
864	331.93681
865	332.12074
866	332.12816
867	332.30920
868	332.32006
869	332.47289
870	332.47998
871	332.64639
872	332.66296
873	332.85163
874	332.85910
875	333.01144
876	333.02316
877	333.20795
878	333.22753
879	333.41308
880	333.42816
881	333.61384
882	333.62281
883	333.80933
884	333.83150
885	334.02113
886	334.03942
887	334.22531
888	334.24774
889	334.43295
890	334.44775
891	334.63392
892	334.65354
893	334.80638
894	334.82464
895	335.00928
896	335.02748
897	335.21560
898	335.23272
899	335.41906
900	335.44096
901	335.62498
902	335.63993
903	335.82866
904	335.84858
905	336.03572
906	336.04340
907	336.22773
908	336.23659
909	336.42255
910	336.43088
911	336.61627
912	336.62128
913	336.80677
914	336.81444
915	336.97186
916	336.98067
917	337.16664
918	337.17608
919	337.36280
920	337.36941
921	337.55551
922	337.56381
923	337.75171
924	337.76019
925	337.94427
926	337.95623
927	338.14332
928	338.15212
929	338.33990
930	338.34509
931	338.52691
932	338.53242
933	338.71156
934	338.71637
935	338.89706
936	338.90205
937	339.08260
938	339.09135
939	339.27600
940	339.28472
941	339.46691
942	339.47788
943	339.66203
944	339.66796
945	339.85241
946	339.85832
947	340.01491
948	340.02316
949	340.21303
950	340.21917
951	340.40692
952	340.41299
953	340.60020
954	340.61024
955	340.79678
956	340.80639
957	340.97568
958	340.98593
959	341.16837
960	341.17885
961	341.36587
962	341.37343
963	341.56175
964	341.57109
965	341.75608
966	341.76130
967	341.91280
968	341.91826
969	342.10657
970	342.11234
971	342.30017
972	342.39128
973	342.55659
974	342.59469
975	342.77981
976	342.78877
977	342.97841
978	343.00623
979	343.19095
980	343.19721
981	343.40275
982	343.41698
983	343.61691
984	343.64142
985	343.83037
986	343.85363
987	344.04265
988	344.08595
989	344.27725
990	344.30789
991	344.49892
992	344.50888
993	344.69859
994	344.72997
995	344.91627
996	344.95207
997	345.10554
998	345.11179
999	345.29685
1000	345.30345
1001	345.49337
1002	345.50503
1003	345.68668
1004	345.69310
1005	345.88260
1006	345.88924
1007	346.07836
1008	346.08485
1009	346.26941
1010	346.27610
1011	346.46559
1012	346.47240
1013	346.65865
1014	346.66539
1015	346.85302
1016	346.85949
1017	347.04963
1018	347.05649
1019	347.24372
1020	347.25035
1021	347.43679
1022	347.44353
1023	347.62968
1024	347.63649
1025	347.81941
1026	347.82602
1027	348.01212
1028	348.01895
1029	348.20127
1030	348.20816
1031	348.39369
1032	348.40052
1033	348.58642
1034	348.59589
1035	348.78366
1036	348.79027
1037	348.98039
1038	348.98970
1039	349.17669
1040	349.18417
1041	349.37171
1042	349.38498
1043	349.56801
1044	349.57778
1045	349.76352
1046	349.77510
1047	349.96168
1048	349.97275
1049	350.15823
1050	350.16571
1051	350.31963
1052	350.32714
1053	350.51038
1054	350.52156
1055	350.70432
1056	350.71416
1057	350.86895
1058	350.87975
1059	351.06093
1060	351.06990
1061	351.25162
1062	351.26559
1063	351.42152
1064	351.43179
1065	351.60755
1066	351.62442
1067	351.80727
1068	351.81698
1069	351.99891
1070	352.01405
1071	352.19787
1072	352.20519
1073	352.36377
1074	352.38108
1075	352.56615
1076	352.57525
1077	352.75865
1078	352.76521
1079	352.94269
1080	352.94909
1081	353.13157
1082	353.13809
1083	353.31720
1084	353.32359
1085	353.50191
1086	353.50824
1087	353.69372
1088	353.70223
1089	353.89015
1090	353.89684
1091	354.07859
1092	354.08532
1093	354.27072
1094	354.27795
1095	354.46093
1096	354.47054
1097	354.65163
1098	354.65846
1099	354.84330
1100	354.85087
1101	355.03155
1102	355.04314
1103	355.22742
1104	355.23730
1105	355.38950
1106	355.39552
1107	355.57877
1108	355.58818
1109	355.77309
1110	355.77995
1111	355.96440
1112	355.97152
1113	356.15553
1114	356.16212
1115	356.34997
1116	356.35763
1117	356.53956
1118	356.57218
1119	356.72738
1120	356.74999
1121	356.90581
1122	356.91698
1123	357.09613
1124	357.10604
1125	357.26069
1126	357.27192
1127	357.45620
1128	357.47137
1129	357.65329
1130	357.66816
1131	357.85360
1132	357.86222
1133	358.01733
1134	358.02837
1135	358.20919
1136	358.21758
1137	358.40241
1138	358.40994
1139	358.59546
1140	358.60547
1141	358.79296
1142	358.79963
1143	358.98391
1144	358.99095
1145	359.17204
1146	359.18166
1147	359.36666
1148	359.37385
1149	359.55623
1150	359.56999
1151	359.74853
1152	359.76556
1153	359.94920
1154	359.96074
1155	360.14087
1156	360.15075
1157	360.33185
1158	360.33881
1159	360.52080
1160	360.53069
1161	360.70928
1162	360.71910
1163	360.89859
1164	360.90819
1165	361.08644
1166	361.09332
1167	361.26691
1168	361.27450
1169	361.45711
1170	361.46691
1171	361.64405
1172	361.65170
1173	361.83642
1174	361.84345
1175	362.02878
1176	362.04236
1177	362.21995
1178	362.22927
1179	362.41175
1180	362.41980
1181	362.60616
1182	362.61979
1183	362.77289
1184	362.77914
1185	362.96579
1186	362.97541
1187	363.15934
1188	363.16972
1189	363.35272
1190	363.36316
1191	363.54051
1192	363.54826
1193	363.72595
1194	363.74123
1195	363.90877
1196	363.92436
1197	364.10713
1198	364.11692
1199	364.29851
1200	364.31602
1201	364.49678
1202	364.51337
1203	364.69676
1204	364.70655
1205	364.89370
1206	364.90413
1207	365.05931
1208	365.07251
1209	365.25523
1210	365.26458
1211	365.45164
1212	365.45869
1213	365.63027
1214	365.63696
1215	365.80390
1216	365.81341
1217	365.99567
1218	366.01303
1219	366.19634
1220	366.20458
1221	366.35679
1222	366.36446
1223	366.54755
1224	366.55767
1225	366.74337
1226	366.74999
1227	366.93144
1228	366.93799
1229	367.12170
1230	367.12892
1231	367.31267
1232	367.31929
1233	367.50241
1234	367.50910
1235	367.69116
1236	367.69811
1237	367.88490
1238	367.89497
1239	368.08156
1240	368.08800
1241	368.25395
1242	368.26035
1243	368.44513
1244	368.45207
1245	368.64025
1246	368.64708
1247	368.83387
1248	368.84168
1249	369.00075
1250	369.00735
1251	369.19720
1252	369.20499
1253	369.39095
1254	369.40082
1255	369.55552
1256	369.56574
1257	369.75030
1258	369.75833
1259	369.94470
1260	369.95668
1261	370.10868
1262	370.11468
1263	370.29987
1264	370.31845
1265	370.50468
1266	370.51493
1267	370.70269
1268	370.71720
1269	370.90243
1270	370.91612
1271	371.10171
1272	371.11096
1273	371.29502
1274	371.30214
1275	371.48918
1276	371.49853
1277	371.68810
1278	371.69653
1279	371.88185
1280	371.89157
1281	372.07808
1282	372.08749
1283	372.27567
1284	372.28796
1285	372.47773
1286	372.48911
1287	372.67348
1288	372.68089
1289	372.84241
1290	372.84963
1291	373.03669
1292	373.04692
1293	373.23350
1294	373.24376
1295	373.43286
1296	373.44025
1297	373.62774
1298	373.63542
1299	373.78853
1300	373.79513
1301	373.94929
1302	373.95578
1303	374.11146
1304	374.11782
1305	374.30655
1306	374.31351
1307	374.50273
1308	374.51340
1309	374.66770
1310	374.70076
1311	374.77692
1312	374.79611
1313	374.92858
1314	374.94781
1315	375.07612
1316	375.08432
1317	375.26655
1318	375.28315
1319	375.41446
1320	375.42517
1321	375.55168
1322	375.56937
1323	375.74660
1324	375.75543
1325	375.93515
1326	375.96155
1327	376.11836
1328	376.14441
1329	376.26490
1330	376.29605
1331	376.47368
1332	376.48101
1333	376.65968
1334	376.69441
1335	376.87319
1336	376.88558
1337	377.01515
1338	377.02627
1339	377.20178
1340	377.23168
1341	377.40895
1342	377.42508
1343	377.60449
1344	377.61861
1345	377.79486
1346	377.80451
1347	377.98293
1348	377.99947
1349	378.18131
1350	378.21277
1351	378.38940
1352	378.40847
1353	378.54579
1354	378.57056
1355	378.70236
1356	378.71707
1357	378.89378
1358	378.91434
1359	379.03550
1360	379.05132
1361	379.23304
1362	379.24523
1363	379.42461
1364	379.43605
1365	379.61775
1366	379.62660
1367	379.77448
1368	379.78508
1369	379.96257
1370	379.97678
1371	380.15655
1372	380.16247
1373	380.29545
1374	380.30300
1375	380.48337
1376	380.49622
1377	380.61838
1378	380.62589
1379	380.80513
1380	380.81926
1381	381.00174
1382	381.00771
1383	381.18652
1384	381.19527
1385	381.37105
1386	381.38273
1387	381.56250
1388	381.57403
1389	381.75166
1390	381.77064
1391	381.95006
1392	381.96132
1393	382.13949
1394	382.14563
1395	382.32532
1396	382.34116
1397	382.52123
1398	382.54632
1399	382.72714
1400	382.73376
1401	382.91256
1402	382.92426
1403	383.10382
1404	383.11608
1405	383.29509
1406	383.30421
1407	383.48325
1408	383.49339
1409	383.67353
1410	383.70140
1411	383.88221
1412	383.89328
1413	384.07317
1414	384.08787
1415	384.26951
1416	384.27638
1417	384.45682
1418	384.47003
1419	384.65131
1420	384.66078
1421	384.84174
1422	384.85197
1423	385.03463
1424	385.04176
1425	385.22635
1426	385.24046
1427	385.41701
1428	385.43377
1429	385.61258
1430	385.62909
1431	385.80755
1432	385.81771
1433	385.99263
1434	386.00279
1435	386.18128
1436	386.19360
1437	386.37985
1438	386.38771
1439	386.56743
1440	386.58473
1441	386.76169
1442	386.77677
1443	386.95933
1444	386.96921
1445	387.14619
1446	387.15516
1447	387.33654
1448	387.34425
1449	387.52403
1450	387.53624
1451	387.71532
1452	387.72718
1453	387.90481
1454	387.91403
1455	388.09435
1456	388.10418
1457	388.28756
1458	388.29601
1459	388.47475
1460	388.48383
1461	388.66464
1462	388.67979
1463	388.85319
1464	388.86583
1465	389.04449
1466	389.05266
1467	389.23201
1468	389.24269
1469	389.41936
1470	389.43134
1471	389.61464
1472	389.62454
1473	389.78935
1474	389.80200
1475	389.98257
1476	389.99095
1477	390.11508
1478	390.12132
1479	390.30199
1480	390.31377
1481	390.49486
1482	390.50177
1483	390.62648
1484	390.64306
1485	390.82296
1486	390.84389
1487	391.02186
1488	391.03690
1489	391.22075
1490	391.22933
1491	391.40822
1492	391.41743
1493	391.60065
1494	391.60475
1495	391.78547
1496	391.79762
1497	391.97439
1498	391.99953
1499	392.18306
1500	392.19897
1501	392.38751
1502	392.40307
1503	392.59035
1504	392.61037
1505	392.79399
1506	392.81013
1507	392.99231
1508	393.01187
1509	393.18670
1510	393.20501
1511	393.38361
1512	393.40157
1513	393.57802
1514	393.59711
1515	393.77016
1516	393.78510
1517	393.94781
1518	393.95178
1519	394.07708
1520	394.09762
1521	394.26238
1522	394.27838
1523	394.44341
1524	394.46428
1525	394.63163
1526	394.65167
1527	394.81095
1528	394.82647
1529	394.98605
1530	395.00436
1531	395.16683
1532	395.17854
1533	395.28475
1534	395.30095
1535	395.46307
1536	395.48321
1537	395.64781
1538	395.66308
1539	395.82744
1540	395.83905
1541	395.99983
1542	396.00867
1543	396.17569
1544	396.19442
1545	396.35384
1546	396.36956
1547	396.53257
1548	396.54970
1549	396.70752
1550	396.72282
1551	396.88358
1552	396.89838
1553	397.06448
1554	397.08234
1555	397.24539
1556	397.26684
1557	397.43840
1558	397.45497
1559	397.61941
1560	397.63036
1561	397.77881
1562	397.78809
1563	397.94657
1564	397.95972
1565	398.12035
1566	398.13252
1567	398.29515
1568	398.30174
1569	398.46550
1570	398.48045
1571	398.64413
1572	398.66163
1573	398.80803
1574	398.82478
1575	398.94411
1576	398.95823
1577	399.12096
1578	399.13509
1579	399.25208
1580	399.26052
1581	399.42079
1582	399.43339
1583	399.55803
1584	399.56580
1585	399.72593
1586	399.73795
1587	399.90520
1588	399.91392
1589	400.07813
1590	400.08948
1591	400.24845
1592	400.26403
1593	400.42851
1594	400.43417
1595	400.59928
1596	400.61304
1597	400.76755
1598	400.77616
1599	400.93597
1600	400.95204
1601	401.11979
1602	401.12904
1603	401.29118
1604	401.29954
1605	401.42297
1606	401.43102
1607	401.59161
1608	401.59994
1609	401.76654
1610	401.77844
1611	401.89561
1612	401.91002
1613	402.07560
1614	402.08851
1615	402.19272
1616	402.19816
1617	402.35715
1618	402.37431
1619	402.53844
1620	402.55193
1621	402.68582
1622	402.70529
1623	402.86307
1624	402.88394
1625	403.05140
1626	403.07382
1627	403.23579
1628	403.25105
1629	403.36510
1630	403.37558
1631	403.53123
1632	403.54010
1633	403.70922
1634	403.72387
1635	403.88987
1636	403.90810
1637	404.07218
1638	404.08373
1639	404.24653
1640	404.25233
1641	404.41530
1642	404.42362
1643	404.58646
1644	404.59258
1645	404.75265
1646	404.76661
1647	404.92709
1648	404.93525
1649	405.09707
1650	405.10883
1651	405.26520
1652	405.27265
1653	405.38250
1654	405.38774
1655	405.54825
1656	405.55378
1657	405.71727
1658	405.72538
1659	405.83580
1660	405.84087
1661	406.00334
1662	406.01525
1663	406.17847
1664	406.18729
1665	406.34352
1666	406.35191
1667	406.51205
1668	406.52954
1669	406.68779
1670	406.69670
1671	406.85759
1672	406.86451
1673	407.02492
1674	407.03610
1675	407.19786
1676	407.21005
1677	407.37641
1678	407.39108
1679	407.55277
1680	407.57135
1681	407.72072
1682	407.73751
1683	407.88747
1684	407.90429
1685	408.05338
1686	408.07109
1687	408.22181
1688	408.23878
1689	408.39596
1690	408.41256
1691	408.56530
1692	408.57286
1693	408.73021
1694	408.73920
1695	408.84875
1696	408.86525
1697	409.02264
1698	409.02847
1699	409.18650
1700	409.19270
1701	409.33073
1702	409.33912
1703	409.44588
1704	409.45403
1705	409.61353
1706	409.62279
1707	409.77847
1708	409.78431
1709	409.93878
1710	409.94769
1711	410.06399
1712	410.07284
1713	410.18477
1714	410.19296
1715	410.34987
1716	410.35556
1717	410.51405
1718	410.53108
1719	410.69023
1720	410.70664
1721	410.86558
1722	410.88434
1723	411.04134
1724	411.05132
1725	411.21113
1726	411.22838
1727	411.37983
1728	411.38831
1729	411.54744
1730	411.55289
1731	411.71219
1732	411.72689
1733	411.88354
1734	411.90035
1735	412.06001
1736	412.06574
1737	412.22676
1738	412.24132
1739	412.40140
1740	412.41272
1741	412.57278
1742	412.58123
1743	412.73950
1744	412.75060
1745	412.90694
1746	412.92418
1747	413.08191
1748	413.09578
1749	413.25624
1750	413.27449
1751	413.43363
1752	413.45377
1753	413.61627
1754	413.62899
1755	413.78822
1756	413.80321
1757	413.96216
1758	413.97823
1759	414.13787
1760	414.15211
1761	414.31438
1762	414.33194
1763	414.48890
1764	414.50995
1765	414.67038
1766	414.69306
1767	414.85591
1768	414.86941
1769	415.03163
1770	415.04363
1771	415.20348
1772	415.21900
1773	415.38359
1774	415.40519
1775	415.56941
1776	415.58965
1777	415.75002
1778	415.75801
1779	415.91980
1780	415.92834
1781	416.08994
1782	416.09836
1783	416.25834
1784	416.26613
1785	416.42766
1786	416.44630
1787	416.60753
1788	416.61338
1789	416.72399
1790	416.72978
1791	416.88866
1792	416.89862
1793	417.00715
1794	417.01212
1795	417.17556
1796	417.18983
1797	417.34759
1798	417.36552
1799	417.52666
1800	417.54167
1801	417.70263
1802	417.72182
1803	417.88326
1804	417.89755
1805	418.03550
1806	418.04571
1807	418.20413
1808	418.21240
1809	418.37490
1810	418.38080
1811	418.54334
1812	418.54918
1813	418.70765
1814	418.71944
1815	418.88079
1816	418.89782
1817	419.05764
1818	419.06978
1819	419.23267
1820	419.25589
1821	419.41981
1822	419.44053
1823	419.60245
1824	419.62031
1825	419.78231
1826	419.80448
1827	419.96932
1828	419.98613
1829	420.13138
1830	420.15356
1831	420.30678
1832	420.32878
1833	420.49029
1834	420.51017
1835	420.62245
1836	420.64469
1837	420.81003
1838	420.82789
1839	420.93858
1840	420.94624
1841	421.11061
1842	421.12145
1843	421.28737
1844	421.29581
1845	421.45892
1846	421.46743
1847	421.57713
1848	421.58219
1849	421.74403
1850	421.75016
1851	421.87022
1852	421.87774
1853	422.04031
1854	422.04877
1855	422.20861
1856	422.22189
1857	422.33126
1858	422.34737
1859	422.50938
1860	422.51804
1861	422.68301
1862	422.68924
1863	422.85208
1864	422.86863
1865	423.03426
1866	423.05044
1867	423.21661
1868	423.22273
1869	423.38576
1870	423.39419
1871	423.55486
1872	423.56091
1873	423.70772
1874	423.71622
1875	423.87590
1876	423.88260
1877	423.99028
1878	424.00420
1879	424.16774
1880	424.17579
1881	424.28769
1882	424.29282
1883	424.45931
1884	424.47374
1885	424.63612
1886	424.64203
1887	424.80612
1888	424.81488
1889	424.97703
1890	424.98288
1891	425.14655
1892	425.16325
1893	425.31883
1894	425.33331
1895	425.49919
1896	425.51711
1897	425.68322
1898	425.69142
1899	425.81103
1900	425.81634
1901	425.98103
1902	425.99584
1903	426.10977
1904	426.11485
1905	426.27887
1906	426.28491
1907	426.44745
1908	426.46288
1909	426.63252
1910	426.63913
1911	426.80301
1912	426.80954
1913	426.96019
1914	426.96875
1915	427.13610
1916	427.14970
1917	427.31519
1918	427.33155
1919	427.47670
1920	427.49108
1921	427.65829
1922	427.66640
1923	427.83258
1924	427.84473
1925	427.98644
1926	427.99752
1927	428.16185
1928	428.17727
1929	428.34294
1930	428.35990
1931	428.52178
1932	428.53418
1933	428.69819
1934	428.71993
1935	428.88707
1936	428.90032
1937	429.06528
1938	429.08093
1939	429.24689
1940	429.26559
1941	429.39459
1942	429.40424
1943	429.56954
1944	429.58382
1945	429.69832
1946	429.70623
1947	429.87365
1948	429.88448
1949	429.99330
1950	430.00639
1951	430.16910
1952	430.18635
1953	430.35007
1954	430.35650
1955	430.52258
1956	430.53072
1957	430.69725
1958	430.70615
1959	430.87181
1960	430.88463
1961	431.04851
1962	431.05439
1963	431.22470
1964	431.23078
1965	431.39722
1966	431.40322
1967	431.56969
1968	431.58708
1969	431.75646
1970	431.76301
1971	431.93042
1972	431.94579
1973	432.11132
1974	432.12032
1975	432.28917
1976	432.30497
1977	432.47119
1978	432.48057
1979	432.65109
1980	432.65991
1981	432.83022
1982	432.84661
1983	433.01514
1984	433.03164
1985	433.14066
1986	433.14557
1987	433.31422
1988	433.32600
1989	433.49538
1990	433.50156
1991	433.66590
1992	433.67433
1993	433.84223
1994	433.84845
1995	434.01549
1996	434.02425
1997	434.19341
1998	434.20466
1999	434.37216
2000	434.38492
2001	434.55214
2002	434.55817
2003	434.67102
2004	434.67649
2005	434.84406
2006	434.85006
2007	434.96527
2008	434.97024
2009	435.08367
2010	435.09427
2011	435.24731
2012	435.26343
2013	435.39635
2014	435.41044
2015	435.52843
2016	435.54178
2017	435.71274
2018	435.71975
2019	435.89133
2020	435.90025
2021	436.07002
2022	436.07892
2023	436.25025
2024	436.25784
2025	436.42525
2026	436.44292
2027	436.61478
2028	436.63287
2029	436.75475
2030	436.77469
2031	436.94310
2032	436.95762
2033	437.06216
2034	437.08751
2035	437.25962
2036	437.27358
2037	437.44078
2038	437.45043
2039	437.62087
2040	437.63718
2041	437.80696
2042	437.82039
2043	437.98961
2044	437.99847
2045	438.16587
2046	438.18375
2047	438.34975
2048	438.35935
2049	438.52745
2050	438.53638
2051	438.66080
2052	438.67199
2053	438.83744
2054	438.85185
2055	439.02425
2056	439.03523
2057	439.20418
2058	439.21030
2059	439.37834
2060	439.38898
2061	439.56168
2062	439.57015
2063	439.73808
2064	439.74394
2065	439.87032
2066	439.87809
2067	440.04808
2068	440.06437
2069	440.17603
2070	440.18807
2071	440.35591
2072	440.36738
2073	440.53639
2074	440.55309
2075	440.71501
2076	440.72604
2077	440.89133
2078	440.90240
2079	441.02545
2080	441.04101
2081	441.21140
2082	441.22803
2083	441.38006
2084	441.39551
2085	441.56391
2086	441.57870
2087	441.74369
2088	441.76436
2089	441.93269
2090	441.94608
2091	442.12102
2092	442.13932
2093	442.31238
2094	442.31977
2095	442.49064
2096	442.50010
2097	442.67314
2098	442.68988
2099	442.85782
2100	442.87431
2101	443.04287
2102	443.05645
2103	443.19140
2104	443.20684
2105	443.36082
2106	443.37782
2107	443.55209
2108	443.56878
2109	443.73995
2110	443.74608
2111	443.85731
2112	443.86539
2113	444.03648
2114	444.04656
2115	444.15715
2116	444.16250
2117	444.33328
2118	444.33919
2119	444.50973
2120	444.52140
2121	444.68892
2122	444.69966
2123	444.87428
2124	444.88082
2125	444.99395
2126	444.99917
2127	445.17174
2128	445.18241
2129	445.35058
2130	445.35633
2131	445.52881
2132	445.54396
2133	445.71565
2134	445.73263
2135	445.90659
2136	445.92792
2137	446.10336
2138	446.12024
2139	446.26534
2140	446.27764
2141	446.45313
2142	446.46772
2143	446.58508
2144	446.60101
2145	446.77397
2146	446.78670
2147	446.95652
2148	446.97134
2149	447.14536
2150	447.16307
2151	447.33535
2152	447.34316
2153	447.51433
2154	447.53171
2155	447.70229
2156	447.71301
2157	447.88981
2158	447.89914
2159	448.07830
2160	448.09341
2161	448.26490
2162	448.27955
2163	448.45444
2164	448.46809
2165	448.62828
2166	448.64419
2167	448.75697
2168	448.77249
2169	448.94676
2170	448.96434
2171	449.14405
2172	449.16230
2173	449.33778
2174	449.34688
2175	449.51791
2176	449.52469
2177	449.69815
2178	449.71454
2179	449.88877
2180	449.90163
2181	450.07523
2182	450.08959
2183	450.26447
2184	450.27332
2185	450.41545
2186	450.42139
2187	450.59579
2188	450.60740
2189	450.72259
2190	450.72794
2191	450.89848
2192	450.90463
2193	451.07640
2194	451.09405
2195	451.26348
2196	451.27506
2197	451.44793
2198	451.46128
2199	451.62294
2200	451.63469
2201	451.80579
2202	451.81497
2203	451.98370
2204	451.99551
2205	452.16869
2206	452.18377
2207	452.33703
2208	452.35208
2209	452.52223
2210	452.52956
2211	452.64157
2212	452.65698
2213	452.83285
2214	452.84372
2215	453.01762
2216	453.02656
2217	453.20021
2218	453.21816
2219	453.34134
2220	453.35635
2221	453.48788
2222	453.50311
2223	453.67534
2224	453.69860
2225	453.87162
2226	453.88597
2227	454.05010
2228	454.05836
2229	454.23258
2230	454.23880
2231	454.41216
2232	454.42747
2233	454.59863
2234	454.60797
2235	454.78091
2236	454.79095
2237	454.96206
2238	454.97441
2239	455.14655
2240	455.15289
2241	455.32112
2242	455.32693
2243	455.47894
2244	455.49220
2245	455.66807
2246	455.68226
2247	455.85546
2248	455.87500
2249	456.04922
2250	456.05972
2251	456.23334
2252	456.23993
2253	456.41876
2254	456.42800
2255	456.59859
2256	456.61418
2257	456.78214
2258	456.79166
2259	456.96332
2260	456.97834
2261	457.09273
2262	457.11205
2263	457.28464
2264	457.29764
2265	457.45523
2266	457.47272
2267	457.64514
2268	457.66613
2269	457.83675
2270	457.85130
2271	458.02425
2272	458.03331
2273	458.20833
2274	458.21492
2275	458.38751
2276	458.39416
2277	458.51192
2278	458.51700
2279	458.63491
2280	458.64291
2281	458.81218
2282	458.82164
2283	458.99201
2284	458.99815
2285	459.17071
2286	459.18193
2287	459.35625
2288	459.37287
2289	459.54654
2290	459.56697
2291	459.74118
2292	459.75742
2293	459.93127
2294	459.94826
2295	460.11826
2296	460.13331
2297	460.31208
2298	460.32591
2299	460.50061
2300	460.51282
2301	460.63221
2302	460.63802
2303	460.81443
2304	460.82618
2305	460.94309
2306	460.95976
2307	461.13022
2308	461.13863
2309	461.31104
2310	461.31722
2311	461.49125
2312	461.50037
2313	461.67361
2314	461.68002
2315	461.85487
2316	461.87243
2317	462.01771
2318	462.02328
2319	462.19727
2320	462.21259
2321	462.38589
2322	462.40168
2323	462.54344
2324	462.55737
2325	462.72953
2326	462.74900
2327	462.92328
2328	462.93204
2329	463.10383
2330	463.11128
2331	463.28475
2332	463.29225
2333	463.46523
2334	463.48520
2335	463.60733
2336	463.62635
2337	463.79888
2338	463.81772
2339	463.93888
2340	463.95523
2341	464.12977
2342	464.14824
2343	464.26661
2344	464.28950
2345	464.46219
2346	464.48009
2347	464.65244
2348	464.67828
2349	464.85079
2350	464.86918
2351	465.04161
2352	465.05841
2353	465.23223
2354	465.25221
2355	465.42749
2356	465.44678
2357	465.56851
2358	465.58876
2359	465.75862
2360	465.76494
2361	465.90227
2362	465.91079
2363	466.02779
2364	466.03296
2365	466.20194
2366	466.21703
2367	466.38785
2368	466.39735
2369	466.56878
2370	466.58779
2371	466.70957
2372	466.71573
2373	466.88742
2374	466.90230
2375	467.02954
2376	467.04142
2377	467.21182
2378	467.22630
2379	467.34328
2380	467.35176
2381	467.52466
2382	467.53881
2383	467.70940
2384	467.72796
2385	467.90160
2386	467.92200
2387	468.09483
2388	468.10649
2389	468.27594
2390	468.28192
2391	468.45441
2392	468.46193
2393	468.57550
2394	468.58543
2395	468.75451
2396	468.77256
2397	468.94206
2398	468.95782
2399	469.09970
2400	469.10843
2401	469.24770
2402	469.25653
2403	469.42564
2404	469.44064
2405	469.61556
2406	469.62457
2407	469.79830
2408	469.81926
2409	469.98683
2410	470.00490
2411	470.17399
2412	470.19134
2413	470.36830
2414	470.38851
2415	470.50384
2416	470.51845
2417	470.68995
2418	470.70694
2419	470.87674
2420	470.89600
2421	471.06654
2422	471.08465
2423	471.25895
2424	471.27288
2425	471.39031
2426	471.40869
2427	471.58003
2428	471.59517
2429	471.76838
2430	471.78243
2431	471.95581
2432	471.97519
2433	472.15334
2434	472.17170
2435	472.34344
2436	472.36198
2437	472.53021
2438	472.55682
2439	472.73425
2440	472.75198
2441	472.90843
2442	472.92138
2443	473.09477
2444	473.10978
2445	473.27848
2446	473.29324
2447	473.46252
2448	473.48215
2449	473.64679
2450	473.66271
2451	473.83602
2452	473.85802
2453	474.02753
2454	474.04390
2455	474.21784
2456	474.23332
2457	474.40075
2458	474.41772
2459	474.58778
2460	474.59932
2461	474.77117
2462	474.78817
2463	474.96420
2464	474.97022
2465	475.14583
2466	475.15231
2467	475.32632
2468	475.33615
2469	475.51122
2470	475.51727
2471	475.69366
2472	475.70566
2473	475.87675
2474	475.88341
2475	476.05947
2476	476.07365
2477	476.24344
2478	476.25762
2479	476.43253
2480	476.44146
2481	476.61660
2482	476.62809
2483	476.80370
2484	476.82209
2485	476.99894
2486	477.00537
2487	477.17675
2488	477.18688
2489	477.30855
2490	477.31375
2491	477.48561
2492	477.49169
2493	477.66770
2494	477.68583
2495	477.86706
2496	477.88301
2497	478.06006
2498	478.08122
2499	478.25523
2500	478.26434
2501	478.43707
2502	478.44700
2503	478.56400
2504	478.57593
2505	478.69677
2506	478.70877
2507	478.87869
2508	478.89138
2509	479.06397
2510	479.07079
2511	479.24272
2512	479.25759
2513	479.35035
2514	479.36134
2515	479.41891
2516	479.42425
2517	479.45639
2518	479.46076
2519	479.49257
2520	479.50889
2521	479.54001
2522	479.54464
2523	479.57640
2524	479.58355
2525	479.60060
2526	479.60440
2527	479.62086
2528	479.63046
2529	479.64678
2530	479.65053
2531	479.66727
2532	479.67119
2533	479.68782
2534	479.70854
2535	479.72608
2536	479.74634
2537	479.76343
2538	nan
2539	nan
2540	nan
2541	479.83052
2542	479.85045
2543	480.00933
2544	480.02372
2545	480.18597
2546	480.19752
2547	480.35515
2548	480.36760
2549	480.52493
2550	480.53634
2551	480.69146
2552	480.70558
2553	480.86279
2554	480.87995
2555	481.03847
2556	481.05280
2557	481.19604
2558	481.21627
2559	481.35932
2560	481.37088
2561	481.51987
2562	481.53228
2563	481.68183
2564	481.69370
2565	481.83920
2566	481.84547
2567	481.98844
2568	482.00361
2569	482.14887
2570	482.15534
2571	482.30066
2572	482.30860
2573	482.45024
2574	482.45957
2575	482.60519
2576	482.61402
2577	482.75406
2578	482.76339
2579	482.90782
2580	482.91660
2581	483.06142
2582	483.07617
2583	483.21997
2584	483.22861
2585	483.37184
2586	483.37777
2587	483.52567
2588	483.53424
2589	483.67664
2590	483.68980
2591	483.83774
2592	483.85193
2593	483.99753
2594	484.00936
2595	484.15760
2596	484.17228
2597	484.31909
2598	484.33567
2599	484.49391
2600	484.50332
2601	484.66733
2602	484.67971
2603	484.83400
2604	484.84484
2605	485.00378
2606	485.00969
2607	485.15758
2608	485.17074
2609	485.32010
2610	485.33392
2611	485.48503
2612	485.49372
2613	485.63705
2614	485.63795
2615	485.78078
2616	485.79477
2617	485.93461
2618	485.93552
2619	486.07772
2620	486.08970
2621	486.22912
2622	486.23003
2623	486.36869
2624	486.38142
2625	486.52044
2626	486.52135
2627	486.66274
2628	486.67617
2629	486.81766
2630	486.81858
2631	486.96037
2632	486.99296
2633	487.10066
2634	487.10138
2635	487.21479
2636	487.22865
2637	487.37100
2638	487.37191
2639	487.51384
2640	487.52712
2641	487.66940
2642	487.67044
2643	487.77938
2644	487.80238
2645	487.94197
2646	487.95302
2647	488.09293
2648	488.10706
2649	488.25266
2650	488.26116
2651	488.41439
2652	488.42830
2653	488.57808
2654	488.59804
2655	488.75365
2656	488.76426
2657	488.90944
2658	488.91650
2659	489.06733
2660	489.07366
2661	489.22601
2662	489.23185
2663	489.38747
2664	489.39339
2665	489.54583
2666	489.55744
2667	489.70718
2668	489.72052
2669	489.87843
2670	489.89193
2671	490.04407
2672	490.05728
2673	490.21267
2674	490.22594
2675	490.38468
2676	490.40553
2677	490.56628
2678	490.57985
2679	490.73817
2680	490.75213
2681	490.91244
2682	490.93164
2683	491.09441
2684	491.10831
2685	491.26753
2686	491.27664
2687	491.43330
2688	491.44314
2689	491.59997
2690	491.61012
2691	491.76314
2692	491.77150
2693	491.93019
2694	491.93846
2695	492.09406
2696	492.10729
2697	492.26176
2698	492.27019
2699	492.42566
2700	492.43512
2701	492.59162
2702	492.60559
2703	492.76697
2704	492.78095
2705	492.93212
2706	492.94602
2707	493.10273
2708	493.11910
2709	493.27421
2710	493.28248
2711	493.43848
2712	493.45017
2713	493.60726
2714	493.61804
2715	493.77601
2716	493.79137
2717	493.95657
2718	493.97122
2719	494.13226
2720	494.14060
2721	494.30329
2722	494.32010
2723	494.47802
2724	494.49003
2725	494.65093
2726	494.66575
2727	494.81976
2728	494.83375
2729	494.98885
2730	495.00109
2731	495.15372
2732	495.16900
2733	495.32010
2734	495.33042
2735	495.48463
2736	495.49596
2737	495.64650
2738	495.65406
2739	495.81374
2740	495.82778
2741	495.98296
2742	495.99679
2743	496.15156
2744	496.16609
2745	496.32351
2746	496.34318
2747	496.50101
2748	496.50950
2749	496.66837
2750	496.68365
2751	496.83696
2752	496.84380
2753	496.99997
2754	497.01547
2755	497.16738
2756	497.17799
2757	497.34442
2758	497.35707
2759	497.51247
2760	497.52892
2761	497.68738
2762	497.70073
2763	497.85899
2764	497.87185
2765	498.02413
2766	498.04631
2767	498.20031
2768	498.21441
2769	498.37565
2770	498.39109
2771	498.55128
2772	498.55865
2773	498.72981
2774	498.74721
2775	498.90233
2776	498.91442
2777	499.06788
2778	499.08237
2779	499.23628
2780	499.24525
2781	499.39740
2782	499.41146
2783	499.56286
2784	499.57610
2785	499.72740
2786	499.74053
2787	499.90100
2788	499.91353
2789	500.06351
2790	500.07650
2791	500.24023
2792	500.25751
2793	500.38588
2794	500.40485
2795	500.52392
2796	500.53839
2797	500.69115
2798	500.69822
2799	500.85448
2800	500.87144
2801	501.02265
2802	501.03612
2803	501.18698
2804	501.19935
2805	501.35208
2806	501.36183
2807	501.51541
2808	501.52367
2809	501.67795
2810	501.68670
2811	501.84513
2812	501.85458
2813	501.98286
2814	501.98801
2815	502.14461
2816	502.15407
2817	502.31446
2818	502.32574
2819	502.48626
2820	502.49406
2821	502.65517
2822	502.66170
2823	502.82039
2824	502.82970
2825	502.98772
2826	503.00587
2827	503.16370
2828	503.17142
2829	503.33433
2830	503.34830
2831	503.50787
2832	503.51476
2833	503.67620
2834	503.68920
2835	503.85101
2836	503.85826
2837	504.01884
2838	504.02910
2839	504.18362
2840	504.19899
2841	504.35513
2842	504.36557
2843	504.52940
2844	504.54427
2845	504.70516
2846	504.71225
2847	504.87485
2848	504.88156
2849	505.04190
2850	505.04795
2851	505.21057
2852	505.21721
2853	505.37480
2854	505.38451
2855	505.54162
2856	505.54824
2857	505.70884
2858	505.71701
2859	505.87765
2860	505.88593
2861	506.04473
2862	506.05053
2863	506.16693
2864	506.17159
2865	506.32801
2866	506.33316
2867	506.49571
2868	506.50094
2869	506.66126
2870	506.66670
2871	506.82384
2872	506.82935
2873	506.99510
2874	507.00573
2875	507.16787
2876	507.17311
2877	507.33919
2878	507.34471
2879	507.50447
2880	507.50991
2881	507.67182
2882	507.68002
2883	507.84050
2884	507.84589
2885	508.00884
2886	508.01455
2887	508.17044
2888	508.17851
2889	508.33501
2890	508.34152
2891	508.49718
2892	508.50252
2893	508.65620
2894	508.66427
2895	508.82690
2896	508.83483
2897	508.99439
2898	508.99993
2899	509.16059
2900	509.16873
2901	509.33537
2902	509.34101
2903	509.49891
2904	509.50446
2905	509.65966
2906	509.66497
2907	509.82289
2908	509.82806
2909	509.98503
2910	509.99027
2911	510.14400
2912	510.15095
2913	510.30267
2914	510.30812
2915	510.45830
2916	510.46338
2917	510.61524
2918	510.62054
2919	510.77187
2920	510.77707
2921	510.92913
2922	510.93427
2923	511.08747
2924	511.09297
2925	511.24755
2926	511.25302
2927	511.40448
2928	511.41020
2929	511.57206
2930	511.57764
2931	511.74221
2932	511.74855
2933	511.90546
2934	511.91117
2935	512.06962
2936	512.07532
2937	512.23366
2938	512.23895
2939	512.40156
2940	512.40714
2941	512.56837
2942	512.57388
2943	512.73288
2944	512.74124
2945	512.89684
2946	512.90270
2947	513.06317
2948	513.06909
2949	513.22770
2950	513.23924
2951	513.39395
2952	513.40992
2953	513.57012
2954	513.58319
2955	513.74380
2956	513.76095
2957	513.91837
2958	513.94418
2959	514.10329
2960	514.11957
2961	514.27914
2962	514.29250
2963	514.45344
2964	514.46811
2965	514.62940
2966	514.64024
2967	514.79780
2968	514.80442
2969	514.96416
2970	514.97503
2971	515.14044
2972	515.14905
2973	515.30898
2974	515.31448
2975	515.48181
2976	515.49270
2977	515.66162
2978	515.66767
2979	515.82933
2980	515.83490
2981	516.00225
2982	516.00782
2983	516.17385
2984	516.17949
2985	516.34156
2986	516.35034
2987	516.50934
2988	516.51498
2989	516.67907
2990	516.68976
2991	516.85898
2992	516.86478
2993	517.03038
2994	517.03602
2995	517.19615
2996	517.20175
2997	517.36409
2998	517.36964
2999	517.52914
3000	517.53457
3001	517.69503
3002	517.70088
3003	517.85860
3004	517.86436
3005	518.02427
3006	518.02963
3007	518.19128
3008	518.19685
3009	518.35692
3010	518.36270
3011	518.52221
3012	518.52782
3013	518.68954
3014	518.69818
3015	518.85797
3016	518.86374
3017	519.02352
3018	519.02909
3019	519.19237
3020	519.20061
3021	519.36628
3022	519.37519
3023	519.53677
3024	519.54228
3025	519.70928
3026	519.71488
3027	519.88088
3028	519.88964
3029	520.04928
3030	520.05478
3031	520.22081
3032	520.22667
3033	520.38748
3034	520.39368
3035	520.55677
3036	520.56285
3037	520.72588
3038	520.73284
3039	520.89777
3040	520.90402
3041	521.07046
3042	521.07931
3043	521.23985
3044	521.24582
3045	521.40623
3046	521.41278
3047	521.57390
3048	521.57986
3049	521.74166
3050	521.74735
3051	521.91137
3052	521.91728
3053	522.08595
3054	522.09399
3055	522.24985
3056	522.25560
3057	522.41873
3058	522.42771
3059	522.58399
3060	522.58991
3061	522.75295
3062	522.75853
3063	522.91769
3064	522.92346
3065	523.08088
3066	523.08634
3067	523.21744
3068	523.22265
3069	523.37770
3070	523.38354
3071	523.53811
3072	523.54395
3073	523.69914
3074	523.70529
3075	523.85936
3076	523.86869
3077	524.02873
3078	524.03464
3079	524.19939
3080	524.20538
3081	524.36794
3082	524.37691
3083	524.54287
3084	524.54865
3085	524.71384
3086	524.72368
3087	524.88402
3088	524.88984
3089	525.04610
3090	525.05322
3091	525.21212
3092	525.21763
3093	525.37670
3094	525.38515
3095	525.54366
3096	525.54971
3097	525.70832
3098	525.71388
3099	525.87289
3100	525.88124
3101	526.02339
3102	526.02686
3103	526.13782
3104	526.14130
3105	526.24316
3106	526.24663
3107	526.35675
3108	526.36022
3109	526.46767
3110	526.47115
3111	526.59207
3112	526.60943
3113	526.77317
3114	526.78014
3115	526.94060
3116	526.94610
3117	527.10727
3118	527.10819
3119	527.26491
3120	527.27353
3121	527.43609
3122	527.43707
3123	527.59789
3124	527.60735
3125	527.76942
3126	527.77041
3127	527.93227
3128	527.94118
3129	528.10378
3130	528.10472
3131	528.26457
3132	528.27296
3133	528.43497
3134	528.43596
3135	528.59999
3136	528.61152
3137	528.77387
3138	528.77503
3139	528.93834
3140	528.94719
3141	529.10865
3142	529.10964
3143	529.27308
3144	529.28472
3145	529.44734
3146	529.44870
3147	529.61259
3148	529.63696
3149	529.79998
3150	529.80112
3151	529.94477
3152	529.96142
3153	530.12588
3154	530.12698
3155	530.26981
3156	530.28405
3157	530.40929
3158	530.41020
3159	530.57150
3160	530.58587
3161	530.74947
3162	530.75049
3163	530.91448
3164	530.93706
3165	531.09755
3166	531.09853
3167	531.26594
3168	531.28307
3169	531.44826
3170	531.44928
3171	531.61278
3172	531.63912
3173	531.80448
3174	531.80554
3175	531.96943
3176	532.00166
3177	532.16755
3178	532.16888
3179	532.33608
3180	532.35292
3181	532.49966
3182	532.50046
3183	532.66301
3184	532.67470
3185	532.83990
3186	532.84102
3187	532.99580
3188	533.01706
3189	533.18469
3190	533.18568
3191	533.35406
3192	533.36806
3193	533.49270
3194	533.49360
3195	533.66138
3196	533.67525
3197	533.84858
3198	533.84955
3199	534.01904
3200	534.04017
3201	534.21370
3202	534.21470
3203	534.38914
3204	534.40703
3205	534.58122
3206	534.58227
3207	534.75259
3208	534.78579
3209	534.96064
3210	534.96163
3211	535.13606
3212	535.16024
3213	535.33905
3214	535.34002
3215	535.51582
3216	535.53534
3217	535.70543
3218	535.70663
3219	535.87933
3220	535.89398
3221	536.06800
3222	536.06899
3223	536.24023
3224	536.24998
3225	536.42184
3226	536.42282
3227	536.59198
3228	536.60644
3229	536.77659
3230	536.77762
3231	536.94966
3232	536.96894
3233	537.13877
3234	537.13976
3235	537.31211
3236	537.33414
3237	537.50413
3238	537.50524
3239	537.67775
3240	537.70898
3241	537.88384
3242	537.88488
3243	538.05883
3244	538.07566
3245	538.24669
3246	538.24769
3247	538.42209
3248	538.44101
3249	538.60355
3250	538.60457
3251	538.77743
3252	538.80171
3253	538.97362
3254	538.97537
3255	539.14844
3256	539.17096
3257	539.34891
3258	539.35013
3259	539.49803
3260	539.52185
3261	539.69684
3262	539.69799
3263	539.82470
3264	539.84500
3265	540.01869
3266	540.02006
3267	540.19370
3268	540.22609
3269	540.40023
3270	540.40149
3271	540.57584
3272	540.59784
3273	540.72613
3274	540.72708
3275	540.86914
3276	540.88378
3277	541.05859
3278	541.05962
3279	541.23289
3280	541.27113
3281	541.44366
3282	541.44484
3283	541.61910
3284	541.64403
3285	541.80738
3286	541.80822
3287	541.98008
3288	541.99877
3289	542.17356
3290	542.17454
3291	542.34684
3292	542.35617
3293	542.52287
3294	542.52378
3295	542.69896
3296	542.70912
3297	542.85662
3298	542.85743
3299	543.03571
3300	543.04546
3301	543.21462
3302	543.21552
3303	543.38848
3304	543.39787
3305	543.57348
3306	543.57449
3307	543.74856
3308	543.75804
3309	543.88365
3310	543.88455
3311	544.05953
3312	544.06825
3313	544.24512
3314	544.24625
3315	544.40388
3316	544.41588
3317	544.59267
3318	544.59366
3319	544.76769
3320	544.79137
3321	544.96830
3322	544.96953
3323	545.14769
3324	545.15887
3325	545.33184
3326	545.33284
3327	545.50885
3328	545.51900
3329	545.69462
3330	545.69567
3331	545.87183
3332	545.88177
3333	546.01675
3334	546.01756
3335	546.19406
3336	546.20803
3337	546.38051
3338	546.38161
3339	546.50485
3340	546.51409
3341	546.68853
3342	546.68981
3343	546.86557
3344	546.87990
3345	547.00565
3346	547.00637
3347	547.18392
3348	547.19469
3349	547.37137
3350	547.37241
3351	547.54926
3352	547.55873
3353	547.74010
3354	547.74115
3355	547.91822
3356	547.93066
3357	548.11266
3358	548.11389
3359	548.25301
3360	548.26316
3361	548.43887
3362	548.43985
3363	548.61591
3364	548.62838
3365	548.80794
3366	548.80909
3367	548.95204
3368	548.96222
3369	549.14289
3370	549.14399
3371	549.28081
3372	549.29978
3373	549.42711
3374	549.42851
3375	549.60753
3376	549.62336
3377	549.77538
3378	549.77622
3379	549.95622
3380	549.96679
3381	550.14877
3382	550.15006
3383	550.28824
3384	550.30406
3385	550.48120
3386	550.48228
3387	550.65898
3388	550.67534
3389	550.85852
3390	550.85955
3391	551.03975
3392	551.05362
3393	551.23126
3394	551.23221
3395	551.40969
3396	551.41929
3397	551.60101
3398	551.60206
3399	551.78177
3400	551.79193
3401	551.97280
3402	551.97387
3403	552.15552
3404	552.16617
3405	552.30944
3406	552.31027
3407	552.49434
3408	552.50381
3409	552.68295
3410	552.68402
3411	552.81214
3412	552.82280
3413	553.00315
3414	553.00421
3415	553.18809
3416	553.19778
3417	553.38289
3418	553.38418
3419	553.51470
3420	553.52392
3421	553.70690
3422	553.70800
3423	553.89127
3424	553.90299
3425	554.08560
3426	554.08659
3427	554.26626
3428	554.28650
3429	554.45557
3430	554.45646
3431	554.63635
3432	554.64659
3433	554.82970
3434	554.83073
3435	555.01413
3436	555.03172
3437	555.16887
3438	555.16970
3439	555.35059
3440	555.36042
3441	555.49046
3442	555.49137
3443	555.67309
3444	555.68200
3445	555.86796
3446	555.86913
3447	556.05127
3448	556.06178
3449	556.25051
3450	556.25159
3451	556.43365
3452	556.44398
3453	556.57432
3454	556.57530
3455	556.75725
3456	556.76720
3457	556.92927
3458	556.93012
3459	557.11512
3460	557.12477
3461	557.31072
3462	557.31177
3463	557.49788
3464	557.50799
3465	557.69428
3466	557.69534
3467	557.87830
3468	557.88999
3469	558.07560
3470	558.07660
3471	558.20894
3472	558.23097
3473	558.41902
3474	558.42021
3475	558.55562
3476	558.56672
3477	558.75191
3478	558.75289
3479	558.94024
3480	558.96437
3481	559.09858
3482	559.10833
3483	559.29546
3484	559.30207
3485	559.48610
3486	559.49277
3487	559.67740
3488	559.68384
3489	559.82672
3490	559.82775
3491	560.01066
3492	560.02067
3493	560.21037
3494	560.21145
3495	560.35277
3496	560.36488
3497	560.55344
3498	560.55448
3499	560.74266
3500	560.75582
3501	560.89046
3502	560.89139
3503	561.07601
3504	561.08581
3505	561.27455
3506	561.27559
3507	561.46058
3508	561.47170
3509	561.64412
3510	561.64499
3511	561.83281
3512	561.84291
3513	562.03074
3514	562.03179
3515	562.22238
3516	562.23228
3517	562.42115
3518	562.42219
3519	562.61031
3520	562.62913
3521	562.81788
3522	562.81913
3523	562.99461
3524	563.01360
3525	563.20512
3526	563.20634
3527	563.34718
3528	563.35846
3529	563.55378
3530	563.55484
3531	563.74093
3532	563.75194
3533	563.88978
3534	563.89067
3535	564.08212
3536	564.09789
3537	564.28630
3538	564.28741
3539	564.47767
3540	564.48810
3541	564.66648
3542	564.66735
3543	564.85830
3544	564.86847
3545	565.06174
3546	565.06292
3547	565.25407
3548	565.26722
3549	565.45616
3550	565.45740
3551	565.60869
3552	565.62083
3553	565.81074
3554	565.81184
3555	565.99845
3556	566.00978
3557	566.20025
3558	566.20130
3559	566.39122
3560	566.40199
3561	566.59475
3562	566.59590
3563	566.73917
3564	566.74854
3565	566.93884
3566	566.93990
3567	567.13010
3568	567.14096
3569	567.28352
3570	567.28444
3571	567.47733
3572	567.48685
3573	567.67488
3574	567.67595
3575	567.86449
3576	567.87700
3577	568.06831
3578	568.06936
3579	568.25448
3580	568.26453
3581	568.40755
3582	568.40865
3583	568.59927
3584	568.61213
3585	568.80726
3586	568.80832
3587	569.00066
3588	569.01457
3589	569.20449
3590	569.20556
3591	569.39545
3592	569.41531
3593	569.60917
3594	569.61037
3595	569.80171
3596	569.81434
3597	569.99800
3598	569.99900
3599	570.14916
3600	570.16505
3601	570.35753
3602	570.35860
3603	570.55095
3604	570.56465
3605	570.71582
3606	570.71692
3607	570.90997
3608	570.92030
3609	571.11163
3610	571.11267
3611	571.30301
3612	571.31367
3613	571.50955
3614	571.51081
3615	571.70413
3616	571.71527
3617	571.90719
3618	571.90824
3619	572.09858
3620	572.11263
3621	572.30310
3622	572.30432
3623	572.45269
3624	572.47025
3625	572.66352
3626	572.66463
3627	572.85154
3628	572.86617
3629	573.05830
3630	573.05953
3631	573.24387
3632	573.25506
3633	573.44810
3634	573.44920
3635	573.59295
3636	573.60360
3637	573.79823
3638	573.79935
3639	573.96912
3640	573.98258
3641	574.11938
3642	574.12032
3643	574.31240
3644	574.32554
3645	574.51767
3646	574.51881
3647	574.71023
3648	574.72072
3649	574.89689
3650	574.89775
3651	575.09081
3652	575.10152
3653	575.29471
3654	575.29600
3655	575.44876
3656	575.46499
3657	575.65786
3658	575.65909
3659	575.82984
3660	575.84081
3661	576.03317
3662	576.03424
3663	576.22794
3664	576.24273
3665	576.43213
3666	576.43333
3667	576.57547
3668	576.58569
3669	576.78178
3670	576.78285
3671	576.93156
3672	576.94200
3673	577.13470
3674	577.13574
3675	577.32866
3676	577.33936
3677	577.48449
3678	577.48532
3679	577.67718
3680	577.69201
3681	577.88664
3682	577.88771
3683	578.08090
3684	578.09589
3685	578.29131
3686	578.29255
3687	578.48663
3688	578.50521
3689	578.69929
3690	578.70039
3691	578.89580
3692	578.90811
3693	579.10087
3694	579.10208
3695	579.27714
3696	579.29507
3697	579.49337
3698	579.49443
3699	579.68705
3700	579.69882
3701	579.89603
3702	579.89721
3703	580.08906
3704	580.09957
3705	580.29400
3706	580.29521
3707	580.49045
3708	580.50153
3709	580.69609
3710	580.69737
3711	580.89042
3712	580.90083
3713	581.09810
3714	581.09922
3715	581.24512
3716	581.25542
3717	581.44318
3718	581.44427
3719	581.60417
3720	581.61473
3721	581.80832
3722	581.80937
3723	582.00517
3724	582.01924
3725	582.21274
3726	582.21387
3727	582.40503
3728	582.41564
3729	582.60902
3730	582.61006
3731	582.80642
3732	582.82547
3733	583.02671
3734	583.02784
3735	583.22380
3736	583.24095
3737	583.43913
3738	583.44029
3739	583.63855
3740	583.65020
3741	583.84263
3742	583.84367
3743	584.04017
3744	584.05763
3745	584.25407
3746	584.25519
3747	584.45171
3748	584.46373
3749	584.65656
3750	584.65762
3751	584.85302
3752	584.87679
3753	585.07221
3754	585.07345
3755	585.26875
3756	585.30013
3757	585.46816
3758	585.46900
3759	585.66138
3760	585.67372
3761	585.86829
3762	585.86936
3763	586.06315
3764	586.08103
3765	586.27560
3766	586.27671
3767	586.47211
3768	586.49168
3769	586.69010
3770	586.69117
3771	586.88634
3772	586.89889
3773	587.09781
3774	587.09892
3775	587.29373
3776	587.31152
3777	587.45380
3778	587.45477
3779	587.65240
3780	587.66274
3781	587.80822
3782	587.80934
3783	588.00330
3784	588.01360
3785	588.21031
3786	588.21146
3787	588.41037
3788	588.42116
3789	588.62213
3790	588.62325
3791	588.82204
3792	588.83384
3793	589.02497
3794	589.02604
3795	589.22105
3796	589.23275
3797	589.42273
3798	589.42378
3799	589.62141
3800	589.63281
3801	589.82627
3802	589.82748
3803	590.02586
3804	590.03733
3805	590.23399
3806	590.23510
3807	590.42184
3808	590.43936
3809	590.63498
3810	590.63608
3811	590.83606
3812	590.85109
3813	591.04608
3814	591.04719
3815	591.24113
3816	591.25229
3817	591.44470
3818	591.44589
3819	591.64087
3820	591.65449
3821	591.84878
3822	591.84990
3823	592.04495
3824	592.06485
3825	592.25277
3826	592.25388
3827	592.44157
3828	592.45929
3829	592.64860
3830	592.64971
3831	592.84192
3832	592.85271
3833	593.04578
3834	593.04686
3835	593.23734
3836	593.24862
3837	593.43645
3838	593.43756
3839	593.62866
3840	593.63972
3841	593.84791
3842	593.84903
3843	594.04477
3844	594.05860
3845	594.25657
3846	594.25770
3847	594.44721
3848	594.45876
3849	594.65316
3850	594.65428
3851	594.84706
3852	594.86145
3853	595.05242
3854	595.05356
3855	595.24646
3856	595.27051
3857	595.45826
3858	595.45931
3859	595.65137
3860	595.67398
3861	595.85853
3862	595.85957
3863	596.04860
3864	596.06743
3865	596.25797
3866	596.25909
3867	596.45762
3868	596.48918
3869	596.68124
3870	596.68234
3871	596.87622
3872	596.89009
3873	597.07127
3874	597.07220
3875	597.21650
3876	597.23493
3877	597.43395
3878	597.43503
3879	597.63211
3880	597.64466
3881	597.78597
3882	597.78730
3883	597.97861
3884	598.00308
3885	598.18591
3886	598.20789
3887	598.40859
3888	598.41998
3889	598.61628
3890	598.61738
3891	598.81038
3892	598.82742
3893	599.02525
3894	599.02637
3895	599.22462
3896	599.23547
3897	599.43644
3898	599.43769
3899	599.63051
3900	599.64911
3901	599.84495
3902	599.84609
3903	600.03818
3904	600.05020
3905	600.24442
3906	600.24553
3907	600.44192
3908	600.45824
3909	600.65760
3910	600.65873
3911	600.85378
3912	600.87309
3913	601.07073
3914	601.07184
3915	601.26544
3916	601.28211
3917	601.46001
3918	601.46103
3919	601.63888
3920	601.65755
3921	601.83561
3922	601.83681
3923	602.03103
3924	602.04491
3925	602.21164
3926	602.21275
3927	602.38956
3928	602.42125
3929	602.59895
3930	602.59999
3931	602.77595
3932	602.78896
3933	602.96458
3934	602.96567
3935	603.14512
3936	603.16816
3937	603.34557
3938	603.34666
3939	603.52212
3940	603.54160
3941	603.69205
3942	603.69304
3943	603.85061
3944	603.86280
3945	604.04627
3946	604.04742
3947	604.20448
3948	604.21433
3949	604.36549
3950	604.36662
3951	604.53869
3952	604.55514
3953	604.73179
3954	604.73282
3955	604.90475
3956	604.91591
3957	605.09846
3958	605.09954
3959	605.27601
3960	605.28715
3961	605.46624
3962	605.46728
3963	605.64477
3964	605.65520
3965	605.83851
3966	605.83958
3967	606.01762
3968	606.02845
3969	606.20170
3970	606.20275
3971	606.38088
3972	606.39292
3973	606.57005
3974	606.57110
3975	606.74963
3976	606.76882
3977	606.94221
3978	606.94325
3979	607.11942
3980	607.13007
3981	607.30825
3982	607.30936
3983	607.49060
3984	607.50466
3985	607.68297
3986	607.68400
3987	607.86212
3988	607.87355
3989	608.05313
3990	608.05414
3991	608.23156
3992	608.24417
3993	608.42172
3994	608.42277
3995	608.60000
3996	608.62050
3997	608.80020
3998	608.80124
3999	608.98088
4000	608.99485
4001	609.17462
4002	609.17568
4003	609.35624
4004	609.36767
4005	609.52326
4006	609.52429
4007	609.68366
4008	609.69595
4009	609.87865
4010	609.88000
4011	610.05951
4012	610.07216
4013	610.22270
4014	610.22356
4015	610.37152
4016	610.38422
4017	610.56559
4018	610.56671
4019	610.74755
4020	610.75931
4021	610.94166
4022	610.94271
4023	611.12672
4024	611.14171
4025	611.32358
4026	611.32473
4027	611.50338
4028	611.51583
4029	611.69153
4030	611.69935
4031	611.88012
4032	611.88843
4033	612.06619
4034	612.07892
4035	612.26753
4036	612.27528
4037	612.43726
4038	612.44502
4039	612.59582
4040	612.60905
4041	612.75748
4042	612.76480
4043	612.91598
4044	612.92912
4045	613.09459
4046	613.10569
4047	613.25263
4048	613.26812
4049	613.41999
4050	613.43954
4051	613.52834
4052	613.53889
4053	613.56074
4054	613.56707
4055	613.58951
4056	613.60237
4057	613.62329
4058	613.62819
4059	613.80554
4060	613.81354
4061	613.98049
4062	613.99255
4063	614.16344
4064	614.17706
4065	614.35337
4066	614.36321
4067	614.53284
4068	614.54125
4069	614.71110
4070	614.72206
4071	614.89913
4072	614.91253
4073	615.05648
4074	615.06368
4075	615.20734
4076	615.21492
4077	615.36874
4078	615.37625
4079	615.53471
4080	615.54959
4081	615.72277
4082	615.73414
4083	615.90434
4084	615.91182
4085	616.08547
4086	616.09659
4087	616.23942
4088	616.26119
4089	616.27404
4090	616.27994
4091	616.29271
4092	616.30251
4093	616.31516
4094	616.31887
4095	616.33216
